IDs Hunter ajustados — ofertas 2026-08-04

## Botas mujer/hombre 40% off (536 filas)
18532,18533,18534,18535,18536,18537,18543,18544,18545,18546,18547,18548,18549,18574,18575,18576,18577,18578,18579,18598,18616,19045,19093,19094,19095,19096,19097,19098,19099,19100,19101,19102,19103,19104,19127,19141,19142,19143,19144,19145,19156,19168,19194,19195,19196,19197,19198,19199,19482,19483,19484,20192,20193,20194,20293,18530,18538,18550,18562,18568,18580,18594,18602,18611,18612,18627,18674,18685,18695,19040,19088,19111,19122,19123,19133,19140,19147,19152,19158,19164,19170,19181,19186,19192,19204,19328,19351,19363,19364,19481,19497,19518,19648,19863,19991,19996,20002,20171,20184,20189,20203,20215,20220,20228,20235,20243,20253,20261,20274,20283,20307,20313,20324,20334,20347,20434,20444,20507,20672,21203,21210,21224,21235,21839,21850,21851,21877,21887,21893,24322,18527,18539,18557,18563,18569,18581,18595,18610,18613,18624,18675,18686,18691,19041,19091,19105,19112,19117,19124,19129,19139,19146,19153,19159,19165,19171,19180,19182,19188,19200,19352,19362,19365,19498,19519,19649,19864,19992,19997,20003,20158,20172,20183,20190,20204,20212,20223,20227,20236,20244,20251,20254,20262,20284,20287,20306,20314,20325,20335,20349,20435,20445,20508,20673,21204,21211,21225,21236,21841,21852,21878,21888,21895,24323,18528,18540,18558,18564,18570,18582,18596,18609,18614,18625,18676,18687,18692,19042,19089,19106,19113,19118,19119,19125,19130,19138,19148,19154,19160,19166,19172,19179,19183,19189,19201,19353,19361,19366,19499,19520,19650,19865,19993,19998,20004,20173,20182,20191,20205,20213,20224,20229,20240,20245,20255,20263,20275,20285,20315,20326,20338,20346,20436,20446,20509,20668,21205,21212,21226,21234,21237,21842,21853,21879,21889,21894,24324,18529,18541,18559,18565,18571,18591,18597,18608,18615,18626,18677,18688,18693,19043,19090,19107,19114,19126,19131,19137,19149,19155,19161,19167,19173,19178,19184,19190,19202,19354,19360,19367,19500,19521,19651,19868,19994,19999,20005,20159,20174,20181,20206,20214,20225,20230,20237,20246,20256,20264,20276,20286,20316,20327,20339,20348,20437,20447,20491,20501,20669,21206,21213,21227,21238,21843,21854,21880,21890,21896,18531,18542,18560,18566,18572,18592,18607,18628,18678,18689,18694,19044,19087,19108,19115,19120,19132,19136,19150,19162,19174,19177,19185,19191,19203,19355,19359,19368,19501,19522,19652,19869,19995,20000,20006,20175,20180,20202,20211,20226,20231,20238,20247,20257,20265,20277,20282,20317,20328,20340,20350,20438,20448,20492,20502,20670,21207,21214,21228,21239,21844,21855,21881,21891,21897,18526,18561,18567,18573,18593,18599,18606,18623,18629,18684,18690,18696,19092,19109,19116,19121,19128,19134,19135,19151,19157,19163,19169,19175,19176,19187,19193,19205,19356,19358,19369,19502,19523,20232,20239,20258,20266,20493,20503,20671,19046,19110,19357,20494,20504,20495,20505,20496,20506,19976,18673,20472,20473,20292,20221,19350,19623,18617,18943,21223,18680,18590,18681,18939,18583,18585,19489,18938,18940,18949,18952,18947,18946,18944,19974,19462,18922,18520,18523,18932,18519,18553,18554,18933,19975,18936,20474,20200,18948,20126,18941,20252,20250,21872,20222,18950,19349,18652,18556,20084,18589,18945,21882,20199,20201,21837,18551,18937,18525,21892,19848,21201,21208,20665,20104,20272,20273,20401,20400,18524,18951,18942,18934,18935

## Accesorios 40% off (88 filas)
18630,18631,18632,18633,19053,19054,19060,19063,19064,19065,19066,19067,19068,19075,19076,19077,19078,19079,19080,19081,19082,19083,19084,19085,19086,18634,19048,19050,19052,19061,19074,19686,19690,20008,32939,18635,19047,19049,19051,19056,19059,19062,19070,19687,19689,19692,20007,19057,19072,20166,19055,19073,19058,19069,19071,19862,19658,19659,19314,19861,18521,20001,18620,18649,18929,18651,19990,19509,19989,18588,18923,19559,19560,19561,19490,18924,19562,18555,19274,19273,18928,18930,18931,18927,18618,18586,18926,18619

## Chaquetas 15% off (111 filas)
19206,19207,19208,19209,19210,19211,19212,19213,19214,19215,19216,19217,19218,19219,19220,19221,19222,19223,19224,19225,19226,19227,19228,19229,19230,19231,19232,19233,19234,19235,19236,19237,19238,19239,19240,19629,19634,19640,19643,19919,19923,20450,20458,20464,20467,20477,20479,21250,21259,19628,19635,19638,19641,19918,19924,20453,20460,20462,20468,20475,20480,21251,21260,19630,19636,19639,19642,19917,19922,20454,20457,20463,20469,20476,20481,21253,21261,19631,19637,19916,19921,20455,20459,20465,20470,20482,21252,21258,20451,20431,20432,20433,20430,20452,21255,21245,19886,19887,19603,19606,19604,19605,18961,18960,18958,18959,18955,18957,18956,18954,18953

## Zapatillas precio normal (2x1 hasta agotar stock) (72 filas)
20912,20922,20975,20982,20989,21009,21013,24460,24469,24813,24826,20913,20923,20976,20983,20990,21005,21014,24462,24470,24814,24827,20915,20924,20977,20984,20991,21006,21015,24463,24471,24815,24828,20916,20925,20978,20985,20992,21007,21016,24464,24472,24816,24829,20917,20926,20979,20986,20993,21008,21017,24465,24473,24817,24830,20918,20927,24466,24474,24818,24447,20981,21012,20988,24468,24825,21003,20930,24812,20920,20911,24458
